10000
7623
907
31431
4524
13474
15486
7073
32578
25010
8472
17080
17038
18522
19644
19762
30255
17035
29740
5401
25366
12355
1788
23808
19864
24660
1351
7914
6337
30311
23968
16999
13292
29248
26443
32256
1680
15428
19630
26581
20061
23352
31234
31109
9096
14155
25678
2894
5987
3671
15510
2678
8496
32100
25423
28393
19767
17262
12311
13347
25110
8552
24995
22864
28761
31616
18937
11442
74
8101
2783
26180
21002
21830
30355
21917
25569
6749
26812
10006
13011
12717
11169
1071
26996
26183
15769
4911
28925
10323
2754
6667
6302
26381
28406
18569
18198
19470
5115
28069
27266
15309
32762
7220
6770
16229
26675
711
8258
15257
7150
31442
22952
6421
7093
4878
10633
16886
12480
6427
27409
6285
6321
26218
6914
19296
6530
29786
11084
10866
4539
31649
13535
25029
22760
8942
31677
15644
1098
205
31059
22789
25549
29898
24841
25879
19258
7129
21272
23417
31662
25589
12699
20900
16715
776
19434
18025
6445
21771
21539
4405
29599
25966
21257
22164
26255
10170
3602
9716
25664
9077
5051
9388
19007
5958
25119
27196
23704
22361
23496
29142
329
27397
32453
17694
20471
11692
4604
17455
18912
30435
15554
11998
19985
3539
15529
21314
7641
27615
11673
1396
1405
4744
6179
17555
32045
30861
14865
12555
22071
21078
15682
14359
18555
14738
20661
6277
29727
30752
22499
9402
11140
31275
9298
26101
6520
11162
28007
1240
6061
17575
31356
6948
18793
18893
13106
21188
20096
17128
2568
30221
8832
28056
29997
21828
31787
28390
27027
9568
16682
18474
3141
15378
25087
4908
3578
19715
12860
18825
25834
3165
4338
7000
22752
23180
30061
6414
5521
23878
13342
13471
14124
10696
4057
24038
1330
25699
27457
15943
20360
31032
11904
22419
8651
21056
13627
2603
16611
11919
22724
18025
9947
32473
27282
27963
28911
27445
13039
9233
29671
26145
18417
8186
27300
28870
20651
11273
29433
29822
2212
28414
19644
21908
6025
13346
3868
9035
4382
15219
18484
2337
12666
21761
15073
25940
10612
19352
11985
10406
3929
25247
1757
25437
18400
27456
4505
9103
31583
13514
18473
2204
27454
23635
28502
12284
15276
16289
20193
24379
1426
5963
29462
3905
17605
31771
11429
15575
30336
23479
17070
8807
31761
8320
2843
16131
5586
4283
23858
20137
2651
10479
4714
6086
19958
30093
2430
12792
15956
12246
24513
10776
18046
8698
21681
10104
32525
5757
3022
30313
7838
22239
8365
7169
20097
32124
16712
22299
14257
7857
17048
12958
23561
3392
25446
3331
4020
15862
12638
14609
9958
3723
17509
7147
11209
29641
17452
27725
12475
21232
27653
30483
4790
2650
246
3323
16399
27995
28172
32171
22372
14187
31474
17398
13008
14983
20674
18267
13152
19668
16667
22222
24779
14726
884
16572
12637
14592
23728
11337
3637
13372
25842
6108
26544
22382
24498
8413
28197
14308
23057
30909
17107
4401
873
11063
13591
23946
29737
6614
24547
19824
22240
20664
15211
25232
10135
6289
30497
12775
32100
27122
12260
4393
4668
9676
22132
13156
32009
14128
23082
30944
20988
600
27622
30283
7461
17643
27976
30482
27457
19325
24611
32530
21715
8277
27182
3952
16246
6004
16637
12997
18801
23507
4656
5247
5004
25067
15339
10116
23842
25466
27014
8216
9848
18565
26757
17664
19789
8601
18890
23527
22450
5975
8969
13570
24860
29488
1149
6640
23992
9580
30425
9188
10238
27761
5506
15621
3209
322
6395
20757
18470
27974
26016
29009
11307
27979
29336
28569
23818
1482
7429
13521
24357
11372
15229
22151
26084
10958
1470
12246
6405
7809
9373
394
17460
14934
32320
23940
9436
11480
4749
24929
19004
20505
31714
1110
15293
1714
26631
31838
22915
27141
7521
32408
11074
11717
24680
24298
4435
23737
19803
21227
3079
21180
31282
23552
3387
6153
29908
7365
2092
437
29066
7598
13197
15229
15795
17646
12759
7874
19130
1431
5089
31442
25926
2563
27056
12905
27824
23924
21904
21112
7866
22775
21859
1572
19326
22414
13882
3090
1444
30093
26146
4322
8920
24389
6209
4857
8315
29408
28449
13188
16537
14732
8523
6329
29468
31708
19480
17760
24383
30058
26820
2451
8517
27586
6084
28866
4202
11387
13913
20730
8474
13991
29286
24422
14177
4974
20607
28182
32163
8693
22594
14079
5005
23173
23274
22595
10571
19689
2081
26035
23291
24087
17686
13202
24674
2323
31184
16028
25822
10001
18626
21831
7068
730
25759
26185
25611
15216
30831
6234
4753
14837
21987
3899
12668
16073
24037
503
20027
18931
22388
1641
9934
25282
10415
13822
19323
691
9775
4029
2243
10134
27802
15236
11668
20717
30837
4756
448
27797
28730
4431
174
30376
21675
5697
11344
20641
2917
4702
3156
5057
30648
3722
11679
25266
5558
10847
13815
32363
19338
30762
24575
8787
25868
23094
29545
27561
28050
17742
3431
20515
23560
3197
19810
26581
17731
6680
14831
3669
2194
14846
29183
7965
10902
22815
32341
20784
21076
24123
22334
30209
7305
32748
29308
8080
14653
15335
28035
29142
1947
21375
10216
9059
9216
29035
25110
28998
7250
23752
13379
2605
16019
23906
29090
13517
13750
13615
19418
13700
26801
21276
19128
14141
20435
8972
27680
15253
13400
7966
74
22076
3643
1583
5675
14237
29771
23457
3120
19137
21121
5210
6450
27248
23185
5391
24999
29082
25279
26050
27925
10998
9972
16009
4045
25577
8209
20882
7381
9897
25987
30308
29734
24482
19736
6759
16663
29209
15632
6823
32026
15
25720
27349
2726
26984
19891
11663
31860
17996
32602
8672
23790
24782
8006
2571
2533
29131
19434
28548
30850
9493
8166
26688
30079
10449
5082
16686
13718
19486
12920
12806
19002
28920
21214
32321
20102
21851
19746
10088
24691
30635
23854
5266
14925
6739
10190
21289
104
10925
5639
21740
5903
3874
31403
20282
5309
8338
13866
8077
9360
21237
19627
22853
27898
20803
8795
24743
20154
4242
20997
14117
4106
7806
20964
23775
18458
11982
23221
27499
7870
11349
17679
19921
13411
20757
20727
14810
17992
2475
2992
20107
25323
10215
18384
31724
17089
10426
23449
6158
6441
4437
6533
17739
29091
10127
14115
3536
27965
2439
5666
22617
29775
26763
9131
6716
12392
27449
16885
27305
25224
31460
28691
23344
27024
58
9232
14723
3318
21283
2877
7806
24509
25068
9418
28260
20389
21412
27284
11884
13471
10694
31806
21372
29827
9497
131
28212
3845
29141
12490
22574
9702
24327
17147
18052
21863
9526
9618
26003
28931
71
16882
25087
30813
8350
14587
760
22648
14214
19934
14779
19750
8915
29488
19035
30403
31686
11838
29121
30754
3376
17569
11505
12488
29914
26642
1424
26456
29733
21631
1955
30799
13294
5214
17562
23793
32692
24385
1933
7812
15357
18090
7877
2491
7157
9505
24190
13941
23129
901
16619
14248
31123
26784
18299
1943
20263
18173
347
1100
24141
31998
23356
4162
17887
6953
7254
11106
17782
25795
13485
6192
7633
16032
16531
24903
20598
57
25966
21251
667
23295
27579
15741
1862
19439
14931
4796
21684
19303
5869
13609
26872
12088
20453
2628
25060
29436
13116
9622
19500
23210
30431
8166
28105
9063
30252
28336
3996
13983
26802
20435
2644
4949
30264
7562
6801
25015
19457
7837
16457
25846
5967
9945
11628
16212
2342
7101
1987
15487
18258
12662
542
5661
28332
29710
4270
26280
2712
28896
15536
15996
9682
5199
23371
3886
22635
4023
11196
24864
30478
23460
8368
1874
18312
10818
22769
17787
24199
24085
2885
7257
2722
22762
27028
12357
28826
14094
16200
32266
15584
19133
20217
20983
3671
27613
13130
13619
32346
28653
18190
17745
27137
24120
22704
10788
24736
13390
11473
7637
23441
20148
5170
15154
9012
18907
6357
1609
1331
28495
1631
25398
16395
817
20929
28473
18376
1511
9239
28684
18447
15890
3280
19827
1890
7872
7952
18708
4000
24036
32338
26761
16331
20227
7762
17844
11022
22063
14890
14674
26879
1849
18107
5075
15137
17699
25678
22634
11181
30164
4987
11872
2450
7695
12619
31917
26042
31142
32409
25545
30095
25579
14014
2496
32446
9320
31085
27781
12346
29648
3035
11912
3205
19765
13603
4490
18731
24442
14826
5040
18319
13068
15166
25303
2793
22477
31940
6696
20368
12113
22035
32236
10101
10061
21339
10657
16368
30796
18762
25677
13504
15524
24624
3858
5197
29609
23137
25091
31023
17696
6619
27446
23796
6391
10536
1050
2078
22323
19334
12555
17260
25641
22598
7972
11867
11505
25970
13397
24299
22552
1458
26037
11942
28309
7536
18457
22751
4350
4923
3813
20024
3324
24425
27938
24935
26365
16129
3281
12601
11304
3544
4223
29654
8342
3065
21274
1864
7615
4682
23043
27447
13618
31341
11620
2038
27530
15845
2756
26308
8093
4218
9689
16203
29174
31198
27549
32365
16518
12944
31652
10816
2710
18433
19372
18263
20736
19446
10614
9028
18079
4909
3796
10330
25860
18243
31748
7864
14698
20437
19516
32387
32236
22246
14470
14194
21238
27776
31950
4496
11514
3486
21305
2877
19044
4682
14777
22646
17871
18179
13791
26455
6265
13665
2800
3550
8436
24572
5690
17650
543
30089
17832
5284
28245
16198
23701
5556
13028
20121
31454
11351
6081
11763
6715
24631
26490
6395
30159
30140
13163
32745
4093
11402
10293
23087
19070
18251
1644
3167
17584
16558
5008
25929
29745
20911
5951
30307
11181
11546
14504
19311
1012
5194
20547
17751
23376
10551
448
7260
24341
8624
12861
19823
21369
16356
11963
30431
3494
13351
5843
26677
21518
19443
24485
26973
6399
4653
786
32006
17271
17578
12075
8778
31289
17138
2536
22930
9504
23108
23838
28852
6324
4826
16043
23135
8187
25197
2291
5305
22674
26620
14225
25414
5371
5322
31814
24588
14649
26278
8245
10229
17818
5998
1363
9844
981
26070
23577
17515
2644
23398
24956
32333
2515
13250
14622
9600
6442
18734
14278
20741
29543
10833
12814
16730
23584
15673
9051
15263
7688
5024
16658
8185
22463
21614
19977
16180
2799
24191
16956
13228
8596
2213
6850
16749
23963
8945
26111
409
26287
7470
24602
23818
27216
30383
13233
6713
549
23371
13004
606
21651
4517
7184
25049
9102
7857
16438
26577
15791
17011
7099
10523
1415
12810
14552
19037
820
13038
28084
5491
13361
31606
19161
32273
3443
31901
19940
22954
25521
30981
11393
20113
11779
3388
19351
15967
22190
3391
14016
12180
3646
23356
11260
31361
21718
7068
4006
15717
11717
27201
23719
23510
12633
29964
25833
3426
28920
8099
30223
16247
24940
5233
13923
20096
16255
26350
19983
23121
8904
11040
12433
14789
12996
9826
6761
20901
12841
32100
5908
21196
21622
883
9022
9097
4559
3834
16180
30789
27912
30537
1432
24422
24576
8086
6744
17523
25136
13121
1504
11896
15747
30557
20623
15788
9576
21867
29288
11345
17446
872
27403
22236
12913
27915
5603
3926
3386
16968
3744
16386
7627
20248
14824
8512
18450
124
17993
1713
13117
15039
14707
1948
24712
25852
23972
1680
9299
19937
9059
23627
13688
19890
19313
10715
18139
18833
27901
5635
24387
31740
11287
31200
25448
9879
13415
16588
1613
4396
19487
32643
5071
31216
4910
1669
18814
23304
17079
29627
12717
10571
193
1884
13509
28746
7216
16402
21727
28557
17652
601
18321
7456
5248
20264
25095
12623
31357
19924
2902
8109
25024
11569
10510
8539
8570
8186
14862
13446
3759
30835
5021
13618
16874
10060
29878
29494
25902
8649
25506
27016
7727
29472
2509
31419
26818
32035
466
22214
30099
11294
19416
28167
24854
8707
23585
5512
22208
7364
30688
16512
29814
7169
21579
29469
582
2531
11250
21120
21077
27464
15951
30218
23832
23328
28062
24022
28103
21782
28399
12934
29455
4980
16505
12867
18440
1088
23089
28415
2406
6571
19611
16893
19187
31149
16864
6292
16701
20713
5410
32304
13195
19670
29708
1945
18966
288
16045
888
3190
15436
6534
5143
9307
3996
26081
5736
14461
3634
5221
31305
29654
1911
1512
28678
3342
16574
28292
3871
25143
29221
28397
23116
31930
2748
22529
17599
4497
32746
19617
7337
20919
11276
13760
32511
7901
94
15545
14462
30815
3615
16358
14317
13430
10992
30062
30114
22959
13438
12382
29767
11420
14176
31740
16094
17865
32067
344
2051
17393
17988
27427
20081
28274
12701
15300
10952
23551
6532
18857
10894
29077
26192
21979
23667
19888
7390
28886
29145
29630
11315
8599
6547
19412
15970
758
30701
19104
4272
19254
24557
21919
5879
29147
12761
14223
28232
26555
761
14632
25300
5464
29342
12807
3341
4973
20580
9707
18952
20935
30643
16931
4902
8278
1164
20295
30963
20100
17794
27431
17742
21701
3846
7937
2251
15472
21480
9719
5973
14797
10011
30655
14360
11375
2745
27549
3230
31172
12358
1934
29495
30186
3641
20422
26783
20164
28344
10845
11483
11598
23460
11078
12132
301
3029
23680
1671
10891
13735
22160
30220
30241
27317
15662
18710
8085
24804
29759
842
19975
19620
8451
11571
16103
12402
19344
16357
4873
17825
13439
29665
29179
25179
13029
30521
30614
227
11909
20213
8147
19484
2627
26548
9440
21839
4828
6551
883
22313
17877
9050
6495
10755
1201
24772
4709
19815
2151
16450
5964
10959
10515
15311
29491
30127
19948
22806
8999
19638
6518
29915
1009
81
9721
23959
4657
8818
26161
354
28849
17295
32327
13078
10483
237
10496
19122
23052
18462
32053
9468
18869
29641
10115
18027
2976
9641
27715
9539
13064
472
1468
24322
17036
12110
12952
23803
20029
16804
2197
11329
1014
28702
24445
3270
3564
15849
26712
31684
901
30625
17632
15708
23662
10775
13109
10622
6632
30288
8658
16392
6754
26321
16320
18482
19277
10777
23817
32553
11564
22128
12144
6650
24042
6879
20319
7858
7537
384
289
22723
120
9976
7761
27818
17820
2881
13203
20175
179
24493
9858
8621
4189
30247
30697
16178
4571
13756
30261
29033
18213
14427
29738
7766
9014
30169
22486
27426
28843
8248
5571
6776
18060
5417
27761
10798
16234
2255
29699
29736
9898
19910
22073
22137
4128
24164
17054
9932
3552
2879
29443
29955
30800
29423
21547
24861
31874
10005
9928
2141
25793
8860
11430
19880
20330
30014
13863
304
18430
18506
9199
11087
30324
8357
12512
32437
22740
527
6217
13766
15105
22440
27738
24382
24790
17843
12508
24087
5749
18585
3615
8364
6876
17713
12339
21278
6330
28222
9818
4343
8576
9018
22206
23053
24250
11346
23136
20138
28064
30641
21841
30441
6376
15361
7972
6499
25823
9263
20387
25867
8632
26735
961
29271
30756
30849
28368
24481
9251
6962
3060
3276
21017
10021
984
14890
21028
14547
6815
3741
5549
2513
14878
18685
11069
19794
27720
8378
11410
13804
23017
6595
21235
2207
8600
20390
9664
24851
6886
31736
30541
2849
23004
15351
9200
5525
1701
22894
18265
562
23943
6873
23586
14071
27416
24266
31143
5281
22702
1675
9240
22129
23831
29701
25293
7983
9610
7904
4313
22383
19166
1260
7137
16659
9978
31168
9519
25617
7821
6561
14594
14455
13055
25509
4136
12716
28839
16151
4047
3832
3390
28702
31641
5446
19091
16282
3566
5673
29057
23119
27286
26654
31006
11077
8071
13329
11830
13678
10235
15394
28408
12426
9670
32680
20206
27976
17639
24694
14131
17582
32093
11614
22240
5818
10044
13812
30663
7242
5375
19348
2916
4153
10272
21415
1040
29643
5094
20257
20088
29259
17023
31566
32590
10226
4174
28623
2366
20491
20870
24032
3876
7765
22008
21724
9852
18345
24361
12290
7705
32220
15528
4473
7451
25319
670
3730
11803
14149
3751
29006
2728
18333
20192
13088
15095
23969
32578
5363
24022
14390
20782
30831
11490
20181
12616
24184
4346
25649
8073
12024
23283
11290
19856
11743
29837
2209
30521
16744
7590
8829
10609
28061
2478
24749
27465
10525
29019
863
32073
28445
27806
26129
8966
12973
10453
11510
10998
5948
20290
24987
10372
4703
12220
17098
5216
23246
932
19375
18201
18607
23835
13881
493
2840
5746
31939
31200
22223
21986
7924
6411
29268
31102
11747
27191
17185
32613
25471
25258
16432
15932
18735
32321
28094
476
12725
25023
17999
24647
2648
30565
13554
23265
18242
14787
1222
8157
28455
8397
27069
32757
2599
25905
1696
27742
30710
3560
5203
4347
28986
31755
3675
24273
14388
26857
2205
6843
15523
2646
4712
17502
14053
20806
19126
26976
32352
30362
2479
14549
7968
19001
17263
27386
29377
30819
2057
20774
16528
14658
17612
8701
10477
7874
10949
21991
24564
29859
24196
10177
31580
26317
21795
3538
22430
25059
645
16128
22618
25114
15580
6211
2039
9292
31086
30299
23179
27976
18072
22462
6138
23405
10003
23253
12641
30327
12918
27751
1461
29080
7932
14934
22951
21451
6280
16009
1739
31333
2278
30249
9722
10732
13652
6416
14581
8493
21825
25982
5962
25225
1620
21518
8828
10128
16816
18409
1374
13009
13943
3898
704
29679
11660
18402
5965
12792
23198
31852
29364
12275
15970
3395
3078
32696
32287
14882
21855
30469
21616
24525
21193
31437
32582
15871
6237
5331
20268
22947
29612
1912
15311
20294
17501
21457
8637
10701
18455
26109
3437
4451
23969
23478
14208
26294
839
6437
5702
7779
5248
8187
10372
28846
2767
23741
23924
12663
17895
24159
15886
25706
7954
11285
15238
24949
19411
11622
18198
7551
21450
22658
5885
27479
7641
6869
15560
18666
22661
12252
28880
3258
16799
23096
14084
1931
4387
13057
16616
28255
2912
860
12510
8357
32345
23632
8869
7854
11884
24789
7455
17504
30257
30254
20823
7214
7589
20089
19138
24136
11400
389
29893
28686
15363
10211
6520
30667
2958
11328
15786
22688
23825
18162
32293
10942
23625
22480
21042
984
5486
4679
22368
9177
16147
12202
2690
22994
23373
7114
4599
13622
29719
20423
32046
22345
30453
20261
7528
30934
29656
31522
23488
30752
17218
12359
12393
796
22442
25150
7992
12765
15906
10723
23906
9552
4663
31133
1158
32297
26905
27631
30446
16413
30716
24650
22802
30034
31165
23078
17501
9748
6089
22097
5940
30921
23099
2694
1589
3623
25412
17217
21180
28068
31184
21458
19116
5678
10086
19632
30060
1821
27984
27665
4655
21862
21757
31927
19321
8465
24483
5901
17375
32493
6440
30834
24590
10882
21059
25813
29198
5191
17887
18050
10696
8213
11712
59
28358
10204
2664
9611
1851
5781
8764
3415
12355
12151
31715
29366
2923
21870
22511
6147
1396
26313
28095
8240
6740
306
28579
4700
6782
16868
6722
15272
21859
22040
21305
25415
19769
28608
6917
1237
22523
29304
22051
1258
20913
27834
12661
5102
17393
12625
9704
13103
9894
9488
24404
4144
7696
5315
2724
10821
23052
10086
20278
30300
31382
16533
30597
29982
7564
26436
3333
28471
31156
1200
27470
19441
11009
3989
3709
13832
5138
30626
8407
698
30972
25898
2992
3869
14153
8476
3980
1973
16193
14645
10115
20038
12904
13428
15338
29159
19271
27599
26671
27992
29295
23332
22533
8085
9404
32370
32705
12971
3799
3913
13316
25803
510
13951
25755
26525
9736
1573
32419
18902
3235
20409
14833
7949
2529
10909
21937
22987
30195
16072
2124
3041
15412
10172
9872
254
23401
952
17931
26496
15174
814
24247
31627
31541
3191
12253
26712
7764
18374
27699
21456
14524
10075
28999
18522
521
16377
3617
28913
28951
1433
7460
23417
17673
16480
30006
13651
8080
19919
30241
13871
5226
570
13368
11553
21032
15995
1853
25592
18485
3559
130
19659
28180
24705
3151
11732
4073
13678
17028
16257
17467
18857
10879
28873
28408
7928
30272
17853
30137
28447
30923
1119
2376
24403
23502
9142
10336
2033
22660
12578
16307
9328
30681
8174
2865
32661
7631
14116
7304
28645
25632
4517
10983
30816
2085
25720
4104
24940
28662
32611
5741
24080
2771
15288
31978
4450
4291
19826
21347
2115
25978
10880
5335
31561
8832
31841
8861
27901
3216
20465
1262
30791
30783
30595
5284
25382
25054
21295
29249
18852
15520
29550
28211
29962
15616
18916
18007
13136
8797
23676
23739
17111
17383
11962
19368
9819
25791
21837
31456
29987
4954
26596
6692
31610
6183
17731
9465
16227
14193
23958
21420
15753
19078
30469
7572
29301
29721
8328
12439
1027
29669
18173
495
7959
23955
8312
23598
23948
14046
25050
3712
18541
16629
29349
8497
19048
28960
4878
13167
9855
23719
10324
26192
18177
7152
9041
30999
30905
26855
13647
31411
26213
31906
18204
13448
26730
28742
26209
12914
31941
9508
7471
3079
31557
30760
26587
21277
23031
17524
15628
19341
5602
31048
23570
20534
5109
18213
21881
2372
3646
10290
478
22450
24925
18398
23298
6669
20023
3527
27421
11899
1007
20443
18037
22013
1554
28604
17198
23793
17169
26473
25444
11483
28405
2332
9591
11108
30286
30318
11942
2723
7532
4801
992
28316
8146
29919
17622
3078
25576
7135
7509
9298
5872
27465
24787
744
17723
12922
1096
24500
17053
17225
27199
19169
30494
23530
13612
1508
25586
26643
5120
28093
29868
23902
15611
23161
28846
14063
2753
6140
8420
21590
28593
23549
32178
16310
13170
23890
31018
7975
11982
28782
14723
21850
31172
19752
22470
5500
16344
25022
30411
28252
11950
22297
18020
4303
13015
10834
18136
21844
30443
32630
24723
17652
22744
4486
9243
10604
18809
25538
17990
26766
19051
6183
11435
12005
32284
3895
7766
11672
32292
13560
27840
28560
27609
7999
10494
2525
28445
24878
14648
11094
6011
14332
25181
20352
21363
29940
6677
6322
29201
18625
13559
5494
25285
21480
17661
30001
10094
8342
15412
28679
11448
27036
10168
26105
31912
21176
5856
31056
32629
30230
694
10303
16026
27414
18858
10692
24105
10832
4999
4559
16482
29398
12709
166
1924
5304
20321
24968
27107
17614
1738
31888
3131
23985
11677
24541
22084
12811
28276
25584
30086
21521
570
20309
623
30285
7650
23942
31651
18849
26712
11532
2963
31881
3256
22759
19537
16288
15551
16688
32163
29542
14207
18173
24918
25408
10326
32645
12756
12736
29216
8837
26361
23079
15020
14306
15651
27432
19053
18575
12936
24303
5234
5809
28365
13410
31384
8449
18644
11687
8703
30066
24277
22502
27578
5909
29872
16464
26059
31545
3201
31328
18510
25046
28021
23392
21236
3372
3293
3888
7859
7335
3457
27203
14268
3846
18743
7402
5038
12220
6324
11221
14345
29590
19873
20950
9445
2207
4850
12009
22500
7489
10099
26738
31589
8876
9891
7877
5626
3708
21446
23531
19997
24469
6966
24484
5662
27218
15866
27816
21600
12256
23449
31538
23493
17636
20016
29887
18535
2916
3267
23827
5257
17380
2001
3198
31181
14799
13355
24413
29351
3865
14342
32483
28689
27427
28238
10010
6016
4319
13373
3620
7447
8244
13613
20679
3611
1700
10410
2089
8104
25388
14028
27863
21922
24939
30403
11020
5613
20487
15284
19505
31713
30285
9156
22944
32760
27927
7538
7341
18378
32499
22313
8167
12860
21377
19733
21915
29684
27165
26935
1946
22544
10174
27060
29756
30999
31774
371
15525
1583
25116
26342
2119
26769
16222
17704
424
23867
26426
17225
4198
22244
17623
5606
29816
15413
28815
20220
9910
22070
13464
24573
8860
775
17636
548
32075
208
11845
30982
28112
25850
16597
25451
10921
5024
31125
3675
16517
19264
12116
32380
17996
6327
1747
9115
4703
18284
29222
27272
21793
8651
16221
8487
15542
5621
31332
24772
1547
4789
9768
29351
7958
12471
4347
25320
15967
31732
18490
13701
5055
29041
28461
29106
30311
1321
32046
30576
13349
17479
9998
21345
26083
26521
30644
1243
28017
27202
23559
27195
132
30895
9743
18300
25854
19404
19286
6920
17007
17527
25237
13517
11484
23349
9356
17300
19648
14371
29746
19598
18513
1840
12814
16688
20996
23690
24293
10049
83
15702
20885
1842
21182
8356
1089
5293
2064
31906
15534
17776
10723
13327
5101
19036
29030
30707
8507
7881
26974
29070
19493
8733
29035
18574
2544
28573
1677
22917
2615
26755
29926
12441
5846
9296
22210
7294
11015
15203
1236
28065
1483
8139
23490
13734
15244
30810
31461
6933
2816
12794
24650
5456
31056
15172
1532
9417
31098
7759
25733
23409
8948
27846
32434
18804
15250
12862
23191
8739
6313
24774
3027
11569
7029
27583
13077
22563
19640
1262
5855
31746
23460
12239
14730
11091
1019
7980
4235
7241
8053
4335
16628
824
26210
7221
1342
29005
9104
9635
8261
2941
24431
28157
404
11707
18035
28404
32483
20078
20154
31296
18142
13858
24815
20207
28968
24445
2158
6397
20384
4981
28328
3876
25827
5569
9673
8949
9234
30093
1689
30504
24021
22130
9632
4145
32415
17829
9102
29460
564
28527
23770
9849
16489
18653
15528
18947
30507
440
14064
14302
13763
21175
11741
25751
3416
31732
18035
28977
10934
1949
28789
9077
15694
9452
9606
14473
20349
12121
9102
17860
29713
13838
9823
7105
27913
6043
25753
24498
12188
1515
21450
20215
27005
1654
30682
24816
27486
17081
16807
15119
7347
15587
16620
11057
23736
15570
11623
7214
29877
2365
2875
14510
32640
16691
28307
12351
27204
27076
8840
21157
29314
1022
14149
30065
17749
16155
15208
22486
9210
6904
9388
30903
12687
3785
11205
4868
19995
2060
8076
13383
8911
21947
29532
8570
17292
21446
3260
32284
2469
27328
5182
27012
3045
14296
19879
1652
22484
28940
15183
8433
20534
22937
4299
26194
21717
23222
14538
25496
6016
5249
29245
15869
16980
31546
18619
22992
21306
21679
27683
25471
20657
10743
11139
28406
15310
355
5944
8487
25472
29874
3671
6122
32025
30596
15180
1032
9738
25106
17345
10642
13038
5147
12226
14968
28619
17442
19486
16214
13716
20182
3088
657
30962
6866
11806
12707
13891
25734
10306
10419
24292
1653
8008
7273
11179
4514
28023
5632
30904
19012
31859
30109
3694
23745
30306
28383
31676
24282
4686
13239
26017
28963
32714
16762
28655
5303
13785
1076
9039
2345
10507
17472
29829
18110
11497
4629
20725
26841
1171
9315
21606
7350
26280
23647
3079
26715
30822
25690
27311
24012
1043
7321
21097
3711
28315
19041
22320
21263
12410
15697
7927
15156
21980
24309
749
14835
18947
24727
22014
25106
29162
31576
29853
18127
23080
30336
449
21714
31766
26643
29997
14175
24116
25509
24309
7632
5065
2926
1086
30019
24522
14241
14661
27280
32509
10234
7331
18558
23902
29590
6095
1590
15042
11016
18660
6647
698
24745
14756
25612
23482
2863
1981
17915
12667
30338
25164
14848
16029
14027
160
32441
22929
20941
30272
11043
2230
4728
2095
16069
8642
15035
26478
555
30820
1947
29891
19350
24616
15234
29113
31730
1434
8921
17128
18440
25262
18136
10102
8693
21087
17053
2526
22235
1943
28284
19952
13526
27471
21911
16410
19762
9719
10670
2533
9947
22552
10552
20418
29972
17976
11186
23559
9836
31742
18487
31541
24558
10902
19025
28028
14489
18007
26895
4481
18704
10147
29783
11358
25490
13071
27774
29418
2091
19652
14358
14396
26924
6950
27655
25962
5082
23731
23010
7830
4451
21805
22641
14636
5142
5627
31379
26469
1234
9677
10310
15632
1215
19327
19974
29073
14141
64
5718
810
26650
19699
24988
8057
25096
5845
28721
30018
2382
8032
29369
21359
3773
15216
29872
14677
20198
1445
21830
15417
12682
4104
17005
26131
7506
22769
27184
29073
21440
1832
22086
1887
18790
12618
9703
24742
20054
13422
6622
29395
6873
24073
9952
2201
5220
27919
540
27705
24263
11867
23571
1793
3496
14417
15786
6674
2608
2498
15229
29799
260
4111
29559
18963
27767
22674
2208
4298
3838
28985
4405
1443
29156
15476
11006
16412
15422
15442
10716
30303
30242
6375
5282
22212
3092
26096
25637
6806
9921
27578
14487
13850
10992
30527
30992
18893
30133
30098
4462
14574
10471
24190
16991
2364
7125
12906
14268
28673
17461
3968
22809
12367
11101
8719
2202
11914
17334
29741
17416
23846
12909
24736
23587
26290
24939
11519
13882
14614
28040
3860
19450
22041
17659
8581
23940
3366
2581
2995
2498
591
3632
24803
16634
9874
30946
31388
17827
1371
28534
21071
12152
2891
20636
7742
9420
10808
22623
13718
15901
32373
16472
32734
18411
22867
12321
29589
22218
21735
4621
26647
25015
21774
8214
16065
22184
6575
15639
10069
23911
17984
28220
928
15519
652
2230
11866
5431
6323
26547
10573
26592
13426
16013
30394
6378
10148
23361
8696
26204
22537
27940
15198
1091
14919
9169
19299
21322
32302
14950
260
25995
20544
17136
8038
17829
21617
17955
28349
13327
15915
2895
13420
20140
10645
7311
30318
22175
6677
23364
3572
2144
16916
14529
19791
14863
30721
26440
15633
13321
31896
5942
13423
30650
30308
5242
20714
26802
18050
22603
4399
3066
6825
25371
5947
20904
24679
29382
21954
7345
32173
26896
11474
31999
29326
30286
14772
20419
18500
23651
24083
14861
29044
24046
16991
12698
32691
11714
22388
2028
21064
29335
7031
11168
8755
13055
9729
5117
3951
15771
16256
2761
4981
24974
2010
18528
32001
2866
28755
5639
22808
6410
3248
27261
27978
31992
32668
13523
10037
32176
1612
18814
9546
11373
26463
9643
15572
25315
18696
31954
8501
23924
12910
17550
4211
17830
15443
12972
10484
16597
13556
24961
19590
22309
15153
3713
13475
18107
5358
9998
7154
5933
17593
6030
8464
310
8877
4288
18065
32431
31894
14160
13378
5818
342
29097
7601
14913
31623
18442
29168
17567
8033
2780
14485
29852
28638
13123
16389
29087
32541
12787
243
12575
3588
8261
23331
20571
20266
1929
3956
13899
20724
12958
6941
4566
21246
15809
22583
2117
2748
22691
1916
10232
7009
28350
10062
29527
17663
10728
15355
6156
3824
809
27967
9840
29046
21962
7434
23874
17054
10414
23428
23967
27242
8678
23630
23342
8750
22655
20747
7324
17211
30878
19744
24648
26811
28112
5815
31039
26844
1947
2314
14442
26929
19545
27614
30214
4693
28230
25677
20309
9937
5847
25289
27795
319
31821
12894
25388
15792
30091
3383
2092
4684
36
23140
18167
6968
27833
30939
20538
7613
9602
15292
13601
1702
17194
31705
17099
10217
25568
25205
12795
31114
30891
20812
32528
25021
31997
3028
32311
18507
19596
1475
32735
31030
2909
31441
6509
6816
21537
13247
26161
14825
8389
7320
21657
13336
8517
4151
21413
32124
29889
32009
29851
3219
30930
18196
21756
27690
8990
2872
25782
14534
6442
10165
23707
3395
31344
11758
30994
8891
4274
8557
19725
10153
23181
10278
16699
4686
9297
4096
4990
29268
8976
19857
27295
1458
17909
22569
21057
5327
12759
1811
13075
23018
6926
21527
6986
30649
29062
10051
27471
17232
4882
4076
15028
25925
30722
3823
2413
5650
3575
22076
4413
31162
13558
8598
19310
24240
4796
3220
32453
25588
12369
2540
27061
19071
5600
24560
23763
30177
22726
20057
22922
24617
20457
16708
2320
1285
25163
13690
8088
2090
9183
12788
32714
6902
13467
31391
12912
25940
5582
24668
1650
30177
27060
21067
27908
32077
20807
5193
26142
22787
23641
16055
4396
12556
16352
27518
13832
11568
18065
13391
23077
1375
12208
26160
13837
29008
28710
3636
7949
15208
2516
17289
14638
31453
27943
21176
1384
14619
6380
11817
8211
1639
27750
18406
17310
16834
24478
14496
25475
6160
5627
22519
29562
32377
32530
10742
12014
11280
31167
17885
29869
22194
11637
6692
2787
14129
3538
12732
24393
6322
15479
24216
6042
30548
15638
28012
1607
29203
12236
18101
22379
5099
1458
8441
2561
14400
25519
10320
2389
3709
10128
16163
31416
252
17242
15412
4984
806
25310
18910
2831
2779
3983
19103
32155
14612
18065
26323
21134
30150
13586
10178
31655
778
3805
17373
8225
19324
13100
69
2090
28640
5054
19341
23702
22540
4650
30145
3797
19202
18291
10663
32034
21084
27100
2884
9982
27885
17662
8098
1501
21669
30743
25041
24095
23477
28325
10540
7233
9460
18228
17629
4693
15233
7284
28836
10671
19882
25742
1748
23778
3853
23224
5022
3563
1533
9992
11665
3243
18472
14469
14178
24987
27254
1412
28393
12475
10292
9778
28013
18635
1393
32109
32033
12990
28840
25560
26606
21868
10144
2350
9075
391
25489
32726
32331
31184
4232
9912
12942
19338
5132
25936
410
2863
26370
28160
15635
18787
1742
31403
24872
21542
443
14207
9240
6221
8861
20498
7925
14131
32693
21169
29609
9388
28884
24053
5174
24890
12483
19606
3906
9348
11747
21380
1490
3075
19985
17972
11862
8703
10700
30008
2278
20666
666
23315
10443
5611
30887
2891
14145
2669
17328
6080
4987
4665
29471
24635
13288
18578
31096
74
11445
31871
1779
20300
32659
20862
30571
9928
6330
22647
22390
25347
7469
13551
17622
20945
28224
8830
11792
939
1624
28291
13658
13058
4851
14870
15034
13779
28648
6206
20845
11644
26607
23652
9350
26830
24163
11528
3799
11363
17991
11955
27156
21809
2696
23341
22838
2400
19329
22767
4638
27481
5572
26331
27259
800
30232
12331
11245
20963
3774
7336
29547
17363
4601
28956
8162
29746
17869
21513
5150
30637
29958
2715
20462
8429
29052
476
9347
29545
2966
30759
2074
14462
8973
23263
19675
27329
13554
11360
16128
27540
2803
1590
28217
14071
28634
2958
9807
2465
3414
24553
23304
11600
22270
30232
2892
24413
9875
19300
24453
1427
28037
25357
1868
9537
8121
5622
6721
20622
15242
2718
58
32269
4878
26962
9377
32401
15002
8353
30999
1347
16520
19985
2909
30193
4663
7952
12917
28073
12884
15917
5892
14727
9304
8328
6907
12235
12626
18311
25718
7982
27111
19147
4069
18551
2455
15971
19817
5705
8002
18751
28033
1855
7914
32743
8421
32315
16570
22381
28594
27898
20807
17567
11208
3308
22295
23426
25200
6723
12640
764
4419
17738
5137
4305
8775
19961
1302
25041
29530
32198
16088
16975
27860
29629
7172
15060
27496
30419
28814
5397
331
17016
29685
11555
21144
363
8392
25314
4340
27346
11625
16316
23150
13706
529
9366
32680
21948
20500
5123
30012
14513
11879
27832
29785
29415
24415
10305
3757
5220
9147
29170
14728
5962
16101
10783
5182
7340
4213
10640
28109
27552
26359
22831
19903
26261
28654
29188
1106
27367
26905
31075
1495
20145
30452
19812
5464
28899
17538
21908
637
3988
20554
11242
32432
22681
2719
20989
19840
26710
10533
18035
21571
10964
21393
3773
19712
21268
3504
2306
8332
23715
683
6744
11250
19311
5513
3386
29976
7641
23285
13367
4768
9483
24642
9447
19213
14220
25516
7971
12071
29201
25057
29813
13216
31383
7360
974
3575
31150
32608
7543
22685
15896
852
25418
16983
16018
31533
31010
19683
28146
26177
6544
24286
5490
12715
25296
11493
10572
2707
28667
15867
19335
9648
4733
3882
28944
8202
16330
6765
23820
23813
1869
17614
26221
1435
9377
30668
15299
3305
516
27135
6485
24045
16137
23295
9585
5774
3981
18049
26368
29660
1771
21187
2653
21402
9076
32299
26728
28410
11801
20523
982
12967
17003
4455
28875
22536
4806
20250
23210
9156
15560
11701
7212
28033
16904
20170
7599
21746
30981
20009
28113
18448
2653
6729
18494
16039
20032
11241
32454
20245
7715
24822
30899
78
28345
32432
15449
32036
17951
7945
14062
3270
25175
3405
13980
29830
9207
22024
19157
9951
4386
3621
32487
25526
1208
5459
8912
11744
24010
22445
5715
14821
17233
21145
19019
14851
20511
24816
27712
11126
15125
4704
28728
2295
20375
4623
27855
1667
19005
24705
32138
14941
28107
25788
8041
22358
25700
6314
15291
23628
16634
21694
21814
23793
13577
32474
2887
18381
20101
8305
26535
19847
21009
10217
10799
19808
1393
22851
1773
27392
32322
12797
2679
12661
18664
17463
6271
26489
31689
19734
14504
30963
2745
2662
9624
6593
28340
4995
21071
1461
30163
14713
22967
477
20345
12906
3196
776
10445
5168
4381
7557
28014
25156
19012
8750
98
13022
30547
3238
335
12126
17215
9950
29165
29675
13729
1502
20411
4698
14858
17346
30193
15441
12695
6914
23478
22700
17094
18167
660
2079
23432
19867
10537
23837
6552
5777
5663
19193
3338
29541
3934
4172
2343
32020
20863
8342
30584
27343
7044
20776
24865
17916
8903
19777
8817
8062
817
5495
31926
10806
32684
3672
31318
24265
9947
25170
22811
3236
12296
15056
28367
31806
9310
5286
15369
1693
10328
13231
8518
17948
31097
31156
27195
17515
29758
9360
9066
18903
13905
14226
28148
12748
12543
5155
17838
26776
16364
1449
28022
30321
6149
17579
30152
15290
8887
13621
4492
17026
6494
25726
11570
18766
29953
2504
31745
27416
1596
3720
28588
2199
18813
25031
20007
22209
19316
6856
22968
13967
12740
12011
16209
14848
15359
16081
16157
31328
20689
16065
17241
9162
27515
32330
22885
23020
32131
21290
16667
23050
6314
27503
1631
32325
29983
2780
22775
1566
10226
14222
5790
18486
7627
6624
15187
12631
11740
5003
11255
13496
22804
21010
3863
4477
2454
24669
10247
4478
26217
31651
26672
9545
3953
12174
10922
362
21918
32154
19982
8426
17251
5055
8325
20757
2410
22095
21029
10880
9094
16673
24958
6987
18921
25583
13935
26276
663
32253
24383
15756
26394
31995
9192
21726
29303
25389
25526
7309
27490
22729
28945
31789
16046
27809
24471
14517
24071
18433
30831
26499
30435
23003
18649
4768
5558
15649
32521
29254
2405
24179
2357
24479
6910
9466
10989
25808
28070
8852
31915
3638
6867
3889
2475
24815
24251
4989
32764
6813
26892
9919
9944
7782
9693
1024
3889
13120
4836
31345
12940
30571
29930
7431
29714
11582
381
5480
14308
17703
20709
7690
1200
18670
11353
26521
25474
3129
3186
28058
29148
18005
23519
32335
23048
31027
21083
31194
9645
18865
31708
3236
7841
11547
16397
26880
12798
4082
32255
17420
2424
23020
4123
6616
20205
29499
19548
31947
20030
12050
21691
29762
26974
16230
19434
11897
4776
5618
16964
2479
16758
22141
28421
14469
5359
15967
2486
1448
6432
9538
22508
31407
25167
31526
17202
28231
29323
26536
2884
15757
7560
28291
26750
13499
24234
15703
12947
27399
21856
1705
24450
5576
23475
3627
28358
5851
27423
19006
5325
19013
17313
16054
15020
22297
2321
29917
9745
1949
19122
13498
23929
27816
10504
25491
7331
20558
3561
11184
27972
15295
10967
20834
14332
5229
12685
22852
24969
5229
31448
25537
18491
8736
4008
25046
13735
19218
18535
1817
6304
26146
30345
7419
7011
8420
19557
6986
27154
31811
30531
10746
15716
31851
8118
28708
32154
4070
17452
21583
4533
29188
8643
4591
12006
3201
8030
18475
15430
7266
28409
26083
7879
7712
22841
5874
362
17672
26439
5808
28083
482
24287
3003
18523
23761
17572
20728
1604
9850
22711
20436
11698
17512
16775
20432
30647
7343
22763
24380
9711
25808
20334
14658
24686
22493
6633
19751
12279
6110
23896
19150
26734
15986
19686
22654
6032
24762
11850
21988
19426
2674
30806
20572
18407
29793
16333
3180
30102
31220
26230
18577
11787
4646
16494
7487
10621
20386
9154
7715
11120
11308
5693
8363
16172
9021
3455
19400
6253
24557
30031
21747
27740
534
28723
3694
22206
16055
1597
10956
8044
24470
13863
22963
29699
26154
7331
8673
27100
21943
9708
7277
23615
26811
32161
30031
31443
13705
12499
21795
7257
1588
13917
6186
10650
26542
20851
30354
13470
13361
638
503
4127
7390
31271
7209
31549
30373
17074
19248
13684
20068
5006
3725
3786
2131
810
6595
18509
3743
2826
6166
22716
21333
4633
23955
27013
10626
28993
10576
8175
14745
9785
23797
1689
5396
10398
19835
11043
11614
5446
4404
17451
12785
9169
28428
29563
6587
6784
21262
30848
23495
13387
27690
26367
6937
11565
22325
13827
18906
26819
31537
15130
1973
26389
31439
26048
16256
31668
24370
20252
18463
31493
24566
29162
3237
20956
27761
7865
32701
15180
23096
86
24137
2238
23781
17544
1352
12353
11032
15613
24317
5409
29884
3205
11086
16059
3724
13438
10090
29071
30421
5775
22702
24215
6013
16026
32458
23768
26948
2283
28959
24886
23626
30902
27500
10380
10706
21184
3498
18428
29509
20572
4916
6020
21114
32409
1323
10962
16180
7610
27673
19546
28140
5350
17620
11941
3025
20001
15526
18412
31758
3707
30890
3045
31307
7815
27769
30685
18038
22287
1030
9479
15811
26118
9415
21780
1265
24510
18966
11523
10192
28764
16598
4667
20992
16776
18009
24023
1275
26729
3713
23105
28501
28624
29990
16130
18755
21171
24248
7896
23131
31454
3110
31753
3226
6117
26110
30456
12459
25181
725
19190
22374
8011
27881
3418
25752
30685
27397
25300
16130
31064
20645
7934
16804
20818
6491
564
21051
6689
21361
2470
16648
19347
7632
1451
21971
9184
15648
27225
11824
7388
3121
3666
20737
16753
19354
19424
6972
30541
5280
14405
27118
4312
29529
25932
9600
15209
27665
24868
4665
7609
28652
26734
2565
15000
1229
32405
885
27614
9335
24670
2566
2469
5874
1216
2982
4533
19505
8181
8052
25408
30961
23761
10696
25296
31460
16467
371
6781
18447
27514
31304
10851
28016
12121
30939
7507
24805
10094
29576
30153
10825
20016
1207
1822
10208
16359
29279
28415
29173
8128
20169
17182
8641
21281
5783
18215
32655
1850
28676
16118
23582
13533
28525
12551
6471
5775
1297
11566
9695
17631
30741
27528
28895
27894
4811
22449
6082
21872
25651
23607
21551
9578
15042
591
27864
8668
15459
14791
11682
21802
16316
23868
11014
21749
19122
18061
21687
6711
23087
1935
7045
8079
22306
6915
11905
14809
23752
8645
4962
24322
13355
70
7719
20250
10472
28731
3070
21419
6964
23191
17765
2378
29473
3511
2959
26475
22814
9181
5385
31354
22461
11744
23965
1063
19130
30242
11639
30209
16184
28609
7046
31302
10573
9746
3877
32505
4801
16459
1275
30518
10003
28031
6943
18115
16573
19664
10368
3047
23481
9696
25477
15231
4420
1416
23536
17230
226
4813
19464
9877
19106
12303
1271
18659
32419
15492
31345
23343
9687
2533
12694
7972
18439
23143
5914
29884
4888
31469
163
26128
1932
19836
23922
9583
20044
22511
23110
12717
7076
10988
31869
5309
17295
13590
30845
28802
25397
22148
18258
19939
17330
18547
16280
25118
23065
11575
13724
15966
2232
23672
26302
7567
1438
16282
13338
17521
2651
21117
28775
10219
12551
7271
17694
19875
8838
13630
29407
6859
31241
11003
28946
1342
472
23387
12490
23243
11600
5591
1774
4816
29735
6615
410
24075
29432
17699
11459
26798
29947
1690
2586
689
19219
26918
16435
8812
5135
19183
17639
30053
23081
5327
1783
29543
10707
1543
23281
10196
1460
26672
12120
9531
23533
16244
19455
22317
24736
19197
8374
9805
29107
27054
26408
8871
26577
14097
7172
10307
30898
29841
4955
12793
3741
4842
11338
20102
14635
28637
26584
27616
6989
7208
26401
27847
31376
15797
5301
15517
21408
25106
32059
21879
6155
21793
7002
27764
31048
20497
6873
14414
25848
5260
22276
1582
5739
18482
6226
4293
24934
9287
21830
19864
6692
19880
31379
9371
16026
26884
32387
17922
17664
16200
17305
4692
13196
1627
3702
18625
25985
8716
4857
28597
8552
29001
23722
11181
25757
31633
5721
30794
2062
4779
29954
30627
8768
15513
18932
19424
19091
31176
50
12037
8646
15241
2330
15627
17341
7877
31812
9269
1666
16107
28333
12193
10891
13614
17685
24606
24635
6126
1445
1853
18090
3699
27861
6315
18345
19681
18829
9661
29953
3176
25738
14157
19196
21436
30468
31173
31783
9157
29838
28537
10837
23703
11325
7482
12519
28324
1292
25895
25675
11312
22911
967
27331
20230
13959
25429
4712
1642
422
14683
18542
8526
19027
8835
5545
10441
19104
12457
17488
32452
23322
7988
4866
21751
24049
8615
6406
4116
25945
115
16343
27457
6447
30736
30176
28620
8160
3659
32388
5402
3719
20962
865
7393
9301
14414
19158
32663
21814
3552
14274
32043
26545
11279
30351
9714
10768
27153
31600
28644
706
31656
13798
11272
24573
12863
7561
28717
19112
21557
31749
18651
8311
32377
6243
18313
14680
17495
10122
16656
31758
401
9733
20576
9755
4786
32518
29042
19172
26527
9387
18558
19984
9327
32129
26989
23857
17532
19271
13201
11430
29626
28404
5524
31680
4680
11771
19886
9251
5701
23757
31259
14447
16357
4767
3533
30240
21444
19054
32094
3763
20346
5441
14408
3083
19567
16815
16984
21522
1265
7328
352
4003
12163
12120
4909
30888
9336
7857
16312
21375
449
4007
23456
6051
16644
13594
11992
2952
29678
27344
13213
22470
6857
442
16812
21882
18769
8568
31153
7145
3523
25374
1282
4455
20024
2361
32141
888
4145
30989
4624
2612
24179
22817
14984
15088
16661
30974
4331
28186
31703
26163
8729
7269
1717
21148
19216
5926
29884
12260
30304
8190
15645
9289
19936
9146
6784
15519
13470
7287
29850
32664
7452
24330
2050
17986
4025
22431
16448
32209
30061
31135
30759
13983
31417
26328
5222
9329
7902
4568
11353
29692
17230
24473
13605
6568
20320
3172
25347
32147
15431
22511
13532
10457
7493
15561
24087
22547
30748
14071
687
5917
454
24032
31112
18973
4965
21862
2307
18368
27517
23126
20944
26823
3937
28162
23555
12483
24811
25900
31338
29724
15472
24102
30750
8024
13043
25144
17497
922
13465
13890
4231
19561
16221
7842
5280
691
26117
6744
28084
16658
17237
22888
19144
32077
11650
29312
23520
2850
15850
7131
14173
15427
257
27493
10633
16798
25231
25120
8817
12769
10777
18118
13811
22846
7068
5040
25111
13932
4226
31734
4003
18670
7374
19416
233
5271
5274
10333
8932
32334
1475
29241
29827
26127
31203
20468
30789
8754
5247
9033
25606
16368
24962
28109
793
11555
26602
26833
32406
12109
21698
21640
32757
19420
21072
17005
25052
1452
24463
24287
25398
5070
15328
32270
4229
30088
15100
28699
22393
1948
5421
24699
30913
32461
1982
17565
19489
27552
22959
7628
2757
11104
6318
4694
5077
27236
8771
8686
24393
7061
19787
31055
4863
2346
18343
10530
28170
25270
31797
17442
32334
27749
5375
10366
21578
13186
28083
30846
10548
27709
2644
1642
11083
23724
26158
14248
25705
30991
12047
8996
28375
5464
16564
28405
27750
20459
29826
12605
29627
6562
6519
22608
26603
32532
10335
24089
28232
5911
2123
19130
30330
14979
30527
19059
2257
26937
27435
23237
20185
100
32540
21207
2607
9727
16564
19224
28052
3480
29144
10278
3136
31315
4776
19695
21368
8753
18356
14358
16995
22162
28780
4248
21530
5625
473
26031
20478
27408
31115
9718
29774
15596
31955
4558
12025
29841
30770
11521
22704
7097
21264
29606
9792
22737
2993
22085
17439
27717
20326
16699
20548
4861
25344
13151
9788
29224
28554
10213
12667
28728
1848
22403
14832
7981
30362
5331
24284
7191
13845
18425
13283
2006
3988
19845
13412
32037
19579
15515
262
10199
32733
22609
7059
24927
16622
12376
5386
30358
27067
13535
25071
31417
11800
16820
18662
19377
7898
25772
8064
11160
27975
25414
18773
4984
715
17291
11603
9046
16621
23608
5461
21359
32128
12319
11255
19137
3870
6347
3241
32461
32210
1123
6659
156
11285
19152
3673
6912
3068
24098
31374
9756
13487
23088
10029
13350
27677
14207
2997
31596
30958
9574
20533
8597
20665
20335
3353
19498
30328
4607
15684
6741
7481
25146
5727
27624
25366
27937
15216
6560
14438
12797
32174
684
18229
7169
8084
4969
28402
24363
20020
10608
10344
7275
17614
30930
26096
4359
20129
22178
17380
21822
6913
3252
7510
28204
6058
6821
22786
14061
17748
2075
642
25861
14983
11342
961
11263
18609
3784
4786
17493
30582
17769
10050
22928
19015
29613
3467
9136
1078
20274
26698
12238
24072
19828
14227
7168
25228
24283
14275
19069
25900
23289
11447
20482
18114
524
27963
8564
31917
14283
17093
17606
3619
23391
29028
2333
31688
24751
31731
2610
17792
3808
30866
760
642
2076
2391
13184
16303
32403
19776
24089
6177
15040
23916
8123
15366
22254
10891
10150
22959
21498
20116
4678
7396
27482
9910
27482
14459
16990
18832
6997
11817
25270
11684
17412
18583
7221
5129
20594
31672
13269
2913
15369
8027
1018
7947
21753
14332
29179
1690
32222
16864
23774
27013
12957
12897
26979
2847
21646
9094
20293
29386
481
24022
3004
25704
31802
13422
7494
15635
25247
26450
11431
2062
17044
1
18222
24571
17540
23628
3643
28750
30563
23399
32766
11009
32658
24897
15745
1674
11523
9233
29161
22538
15517
30769
16121
7623
18658
3632
21207
19932
11727
22307
2835
32047
25603
827
18661
29348
5924
20125
23222
31376
31615
4205
7906
3697
9966
16428
17341
9436
28927
25925
18644
15798
7762
9442
9589
32423
23363
25092
14449
29644
18889
9171
25888
18604
9886
13875
422
3438
18849
14487
31349
23625
1400
3866
20243
29499
10873
27084
19486
5630
12491
22089
9869
19512
19912
3985
23608
20466
30886
19
32155
16459
8791
10763
17622
27757
9389
27150
7673
19137
11458
18403
1151
28767
9367
18837
23064
7369
24571
31942
6828
11736
4271
10822
4508
4086
17863
26597
29771
32398
31315
31877
1501
10433
30527
19059
10302
3675
3192
13303
32358
10501
25936
11817
988
13756
31780
30215
15737
12929
28988
7109
26479
25682
18674
22628
17546
31066
21783
24966
29365
7013
19858
12161
26815
1686
23626
27058
351
30812
8263
27924
14198
2722
27668
8464
30613
20294
17255
3735
10943
16333
23555
28015
24176
21845
9694
7114
11741
23754
7807
13341
20606
23389
29611
13615
29130
5938
14656
28785
13890
6233
13921
12941
4528
13824
3539
23105
21169
999
17831
20846
1905
13332
29210
7276
8118
16583
1977
29601
28704
29360
6345
6994
31407
5984
485
28088
8325
31742
18921
19287
8429
59
14607
25995
2461
21895
27480
5988
31800
16006
25134
16563
27927
25277
22855
22373
16201
2706
25292
8976
25048
22387
3771
22220
21070
19541
8586
32068
10360
14944
7693
27405
3946
26088
9881
11062
20419
30624
31082
6688
20275
3594
3138
8847
10554
818
2899
20738
17714
15004
16223
12608
3471
2939
7966
10804
11366
6947
4064
19450
28972
15297
6515
17466
17345
9034
4423
27829
18604
3761
208
10269
6825
9565
19244
298
15713
12506
22022
16362
11640
31951
14778
26969
12748
29488
15545
23857
20988
18612
7728
1539
5672
19850
29668
20359
29688
13896
8032
22321
3296
28964
7763
2820
8610
23398
14900
10923
24340
27421
23335
24262
26659
8465
548
23170
16664
22266
11862
15212
26
15855
12737
7047
26356
8481
14632
2459
18969
16585
2862
23505
26853
22879
17083
4221
6950
11021
2209
12603
30683
5475
4224
27709
22844
6988
23783
22499
25082
25409
3771
5260
26567
1980
17373
16557
26393
19440
18695
29472
25643
2231
8951
12222
23877
26060
13008
2607
12862
13114
31165
27393
9535
30484
16343
11000
22729
871
8777
30885
28410
10349
19633
15418
11788
22275
25034
28061
19998
18269
22345
4283
21559
30713
18692
19487
7816
6353
1881
19907
1521
14037
25806
29222
14535
15256
1781
24990
13013
5450
16019
6128
30368
6886
11008
2590
27632
172
11473
24192
1931
28882
27573
27414
8260
7287
29597
28189
5428
22744
11552
13536
10568
7366
13597
9425
14332
29272
22434
23256
10085
12509
12812
21739
15221
4884
16496
23007
11899
32160
23098
4990
13033
2486
25108
3801
16986
10265
11530
5856
24019
28744
25835
7471
9033
28661
27122
9515
23652
3770
30629
25934
27267
23048
4350
4799
13312
19808
30665
2854
30389
27333
13133
20670
9151
14193
27182
3244
10369
28871
5010
2959
18668
3465
17283
26712
28414
24395
5781
22876
5001
26663
200
21415
9270
14515
943
30867
2761
27184
4050
410
14759
2308
5458
7785
24981
875
1995
31029
13506
28777
22910
21842
23304
17155
12720
31746
31599
15790
25165
27531
32499
14856
24785
31884
28807
6342
18024
29072
7769
28141
6996
9444
24664
15686
29072
18598
10228
23307
4787
27935
15652
17639
17686
16723
19630
1822
27705
16853
11171
519
2147
18912
29736
9155
22921
15012
24444
27177
10609
11486
311
16640
280
24747
18384
4209
19792
24478
26210
4027
13997
1296
2992
12329
12450
24759
2662
13378
1000
10107
22178
18239
22559
9860
31922
10434
184
27800
29984
16580
4370
7588
31211
12239
31715
9368
16664
12142
16858
14200
16489
22243
29571
25008
24173
6167
2666
2217
13497
2263
23939
7833
18292
19516
13513
30623
22041
12395
16422
29967
10616
21631
30099
31499
766
27332
6784
25683
4407
27430
31862
26717
3473
18921
7419
10153
26467
1690
21686
21071
8237
10053
12755
7386
15650
29672
5545
30552
29155
1576
21914
15026
26766
323
25403
16442
19191
1606
16309
6019
28981
14464
15980
20085
22881
26166
23262
32672
19610
10648
9677
6865
21836
5620
3488
7139
27314
17706
1543
9176
30106
22880
21214
10281
4713
18166
31316
11353
13406
31420
8780
14800
3611
12387
23811
2535
25441
3378
10483
5696
10267
21242
10232
856
4254
16204
20914
6495
30511
27369
9514
16199
15045
15738
7608
11291
31505
18818
28452
17042
21948
9360
19723
19172
2288
4025
16772
32476
7961
1093
22276
7214
2029
30889
6527
28940
17066
29110
13008
5876
32158
13327
9819
20428
20205
10720
28657
14640
27279
20685
2548
18955
31128
17449
7867
20068
30396
14185
26935
21883
13330
29912
2263
17941
28184
13452
19626
3348
4088
24472
14788
6730
3337
4995
20706
8079
29593
31225
22353
17937
7402
18625
9995
19948
7802
32239
18980
19451
24711
11355
25956
31213
32211
27729
13878
19611
20645
17546
10176
17560
20752
8027
17236
11530
10359
8237
7
15545
7761
27949
13727
19814
16938
16709
14003
7518
30442
23114
22029
20303
17242
6007
23379
7257
3044
23578
10983
27752
6555
2701
9483
18626
4731
11112
73
23772
18161
5365
8978
31090
30878
9956
16549
19926
32344
28224
15666
19337
26993
17826
7487
26632
4156
17829
1100
12520
8654
6553
1714
26149
9986
3196
21201
3768
5312
25126
30058
15207
21374
20675
15690
27617
24582
11910
553
18954
27002
10140
21201
12180
4246
4191
20099
10703
11318
10189
11670
28610
14104
24120
15713
32378
19170
29758
21339
20386
19559
1532
31617
24148
11558
22143
26104
28207
26131
28539
22516
18602
3995
26944
9176
25767
15074
28393
27807
11340
28751
21207
14458
21774
30538
18270
5818
32270
19268
4029
23793
2217
25080
15700
16212
24394
9969
19729
18532
7811
20557
14636
29646
21597
28864
21268
28815
18924
27356
31145
20059
2854
10639
32683
6720
8437
16877
22130
11911
12682
25135
20704
14811
31477
12796
4757
16813
23538
2024
32609
9174
24326
6203
16127
23422
31691
243
10496
3389
648
22284
11525
7809
26117
6398
2865
23600
22430
10888
28894
29838
27029
15788
19855
18528
11181
19707
29734
22354
30196
2834
23640
19350
21984
27493
6237
26830
20893
10299
21228
25132
30118
27130
26982
23511
24723
29605
30290
7057
16689
30883
24585
11416
31448
32706
16306
31433
25593
30587
13425
10507
21239
24440
30428
9963
27960
11091
16559
18820
27771
17057
23744
27554
20076
16943
29493
22823
8821
25227
26100
2477
27096
10182
20827
28268
15867
15993
1330
22366
12546
10758
2525
13218
7331
10272
1494
12575
21302
28046
5979
32617
26380
8235
30308
14824
31746
12850
29400
15671
22358
696
8960
27594
8633
26490
22076
9684
4005
985
8181
30823
25584
4387
3794
18397
162
31764
25647
31096
31236
31645
24523
24645
24569
1251
29632
28998
12689
16523
29881
719
11996
25909
6751
6961
31996
6982
25620
4758
20606
19947
13796
3116
4587
3419
16824
2694
12441
26204
4301
9023
6087
21256
16741
5600
31209
10449
19645
18947
26177
10179
26942
30905
23727
3849
23799
1322
21450
23219
21579
18555
25903
3766
4327
21749
5146
13108
1272
29795
25139
26110
11930
26043
9898
9560
18323
7681
23429
14332
7489
4201
21817
22113
9425
16828
6264
31036
8114
11004
16971
29000
25673
12107
13920
11330
7911
10505
1957
19256
7928
21053
20246
28164
1149
3126
25810
22548
25020
19058
12149
21100
9525
9406
32162
28397
24537
21663
7647
4311
15223
8689
10406
24205
13687
718
12472
152
29130
29361
19893
20975
14881
17627
13546
25973
32093
30198
21610
1220
25415
16633
9312
3113
18562
31563
8867
18415
14014
31787
11403
14049
11565
4943
11012
22026
19771
21195
17632
22975
16250
12341
2930
30688
25819
16647
21848
10074
10276
5700
15256
30960
926
31583
27887
27964
3854
7256
19301
27632
10727
22312
2085
16482
5566
15455
12684
16200
5374
780
26496
31167
25053
29661
10755
8595
4495
3975
30215
698
14265
29800
9348
13857
24104
18283
16329
29100
9411
9261
17168
6520
7614
22622
30804
30307
14865
28265
26727
13774
23081
19287
4415
5793
22237
25584
22160
26512
5795
19748
24737
15005
772
11178
23896
29150
29261
18151
22422
2433
22920
17169
6347
17165
23210
18068
18625
5610
782
3765
16316
2340
20002
14197
16069
23148
16481
15032
579
5728
11905
27302
25291
1548
1261
27474
30777
5552
9077
28569
29440
6339
8516
15694
8126
3897
3347
15508
18708
20482
32157
5770
27572
15571
1619
10030
28859
25384
25680
18043
25154
11914
30607
11477
20015
4109
23644
30375
19281
16158
14600
2891
21677
30587
5089
27434
28434
22659
17761
10532
19700
18864
23206
4914
25719
2146
31778
20041
11209
17118
11412
27010
28597
25750
29751
11385
30837
30635
19513
9458
28872
16304
24174
14275
17221
29105
27974
14574
25071
11635
30717
20237
11273
7166
28433
9715
26156
22361
3321
13456
30870
32661
10004
6677
26565
8460
2784
22105
15173
20459
15212
24955
18118
7406
8976
26314
2417
18283
3419
9953
6012
20626
32077
17686
16892
21491
13254
1046
28923
18753
31295
13769
25547
4949
1464
25212
19353
117
1521
27454
29765
8151
13533
11146
28530
4193
31316
24103
30169
11443
30728
18765
29410
14439
4538
30217
28277
29335
17838
30434
18701
12704
26972
445
32271
27686
7784
24830
24667
21337
5076
32752
1312
25206
26485
5735
20724
1936
15267
14244
23332
18832
21813
18552
6984
3963
21933
8365
5403
27891
26031
23457
30346
6145
25528
7220
23563
27665
27404
18404
12080
7742
18160
32055
21372
1744
9754
18778
5493
9219
8806
24839
4090
14859
28874
24747
31703
13396
19852
22473
7575
11278
30898
9113
17818
14313
22203
23798
5735
26909
2444
23927
1346
6574
5549
8155
18690
28654
26549
32682
11037
15171
19971
7193
28421
3626
15023
25134
17335
14716
25024
550
29584
3313
1952
21524
18019
226
5069
28618
18890
11603
15312
31740
29625
12848
23155
30883
21337
29911
18223
2208
17427
22231
16868
32418
22250
18935
18125
12617
26127
25979
24242
23180
1711
24738
16223
1624
19728
5747
20566
21625
5852
30393
26561
4542
20413
2125
21418
27736
25641
24723
878
18308
22144
13383
25967
29290
10836
25978
19722
17988
6663
13015
29897
28610
19100
27691
28889
26541
29127
20517
9662
24268
8774
30554
5957
8452
12916
28811
9146
13250
28956
29227
32604
13214
7307
17692
1038
13624
20457
19642
10575
11622
23241
20506
14444
9362
14078
26771
4340
14685
4272
14718
4461
13960
5296
21819
30789
16405
30985
29557
20748
23465
29656
23718
16864
22581
5213
11997
19752
22741
12881
24511
23429
1785
26490
8139
8709
12226
18302
739
14490
20655
18933
4616
29899
22392
6849
10854
23722
6458
17570
19856
17926
17621
27141
18188
30177
21650
29
19218
21540
17162
16437
29329
1938
1859
17221
14451
3579
7195
31683
23586
9394
5866
443
19787
5441
4451
25890
1250
14938
27323
31336
28518
20753
9230
21836
19558
27209
23550
26100
10052
4204
11677
27709
19769
30048
30349
13648
25753
15542
18533
22390
2392
13860
2391
24621
4814
7221
2064
10363
26295
11071
1760
17282
32126
9366
539
15189
31675
4607
13759
4106
1274
23911
9814
11536
11198
4309
12574
18627
8901
21150
26472
25150
5006
29144
14654
20848
15897
5904
13128
7539
17902
27968
21489
3352
20576
22267
15301
9671
22547
1003
15645
3206
22972
31357
3839
32087
15912
27099
10048
19655
9600
22555
32747
10180
30667
181
19431
1455
24244
30523
24275
178
3213
25156
19509
2132
29845
25258
468
8778
22646
31477
24930
11664
20242
2838
7518
23481
10367
13401
23865
21636
21328
14741
27832
14255
10007
12197
31385
28944
14376
4636
10873
4833
6303
4149
32245
10844
10916
9737
22800
17032
26605
22021
9684
2386
17029
5786
23357
19167
716
18486
27474
14113
18112
18292
23701
9640
1658
28560
4765
19387
16891
8477
2562
6312
15401
8442
2937
11352
26389
25474
6720
7206
25983
6147
8637
31217
17820
2161
9826
20848
22807
8540
32211
4038
20053
13856
21067
2391
28413
21852
30012
4569
10168
16805
17717
23214
15669
25211
11017
2929
21105
16763
29230
18639
9269
26583
99
7576
7648
12292
12437
31253
11110
24498
21764
15773
27801
7681
9378
32355
11687
6642
6075
914
18660
29979
30683
9628
21962
18080
9965
2254
18750
19038
24992
26153
27413
4201
271
22125
17623
16569
32672
21366
28099
18208
17708
25547
22547
31615
32353
9333
897
6714
869
9485
14601
8425
4540
18969
13297
25425
23916
10649
23559
27794
15711
5596
29994
161
30472
19096
26635
20985
27978
28730
2101
16270
13973
27003
31563
12035
24146
7988
9617
22300
21889
15987
16302
3702
22176
7374
31153
29302
16591
14071
20305
31359
11827
32145
29049
19304
18840
25666
26884
24365
10074
26378
22213
21732
9605
31187
29898
31987
5947
5705
15585
30081
16214
23531
22620
27434
24143
30306
15634
20983
22367
15890
7078
10893
12515
18160
780
10148
29701
20883
23880
18363
12185
21133
10617
14090
8773
1019
5911
3513
20453
13659
26233
15951
1581
19870
12954
18541
5264
13182
2076
956
15201
4114
28045
5924
5689
8096
16618
28735
1432
1202
3681
20237
23503
20844
17499
14825
20765
15132
26810
28091
792
11283
13151
7792
846
10164
12784
7079
14637
13514
22744
11693
6944
16927
9615
16044
763
14666
13851
9247
8601
13256
31191
7305
21955
1614
24435
21863
27220
5726
9276
3427
32667
11801
10397
9930
9217
16980
28134
15936
24556
24301
8525
6579
14563
11615
22579
909
28658
18837
25000
26158
32592
22780
20784
15257
6975
6108
9927
9581
14900
20712
14372
16664
26680
29460
16187
3143
27022
14758
12805
28064
28822
6800
18307
13748
27377
28413
19969
11311
10726
2602
13976
32082
27140
12919
31222
7076
32265
12478
14946
27108
8451
27107
18170
16705
13237
13996
25663
10190
26940
28115
32212
19248
9971
21594
9603
5017
7059
26655
897
25339
20895
14512
7155
21621
16639
16992
3504
4114
9194
32667
11849
1714
4874
9334
10055
10824
11483
14474
30899
30278
19541
771
1244
23638
4810
31988
2388
26955
18705
15854
